600051
600054
600078
600080
600083
600090
600093
600099
600101
600119
600127
600128
600131
600133
600137
600148
600159
600162
600163
600167
600178
600189
600192
600203
600211
600218
600222
600229
600232
600235
600248
600257
600258
600272
600279
600283
600287
600293
600313
600322
600326
600327
600328
600333
600336
600338
600345
600353
600355
600356
600367
600368
600370
600371
600378
600379
600389
600396
600419
600448
600461
600463
600483
600493
600505
600512
600513
600529
600543
600558
600560
600561
600566
600592
600599
600605
600615
600616
600617
600619
600644
600647
600679
600681
600692
600693
600697
600698
600706
600708
600719
600727
600731
600744
600746
600753
600758
600766
600769
600774
600778
600781
600784
600791
600810
600814
600819
600821
600828
600830
600833
600838
600854
600857
600858
600861
600865
600888
600889
600891
600892
600898
600917
600962
600965
600966
600969
600975
600976
600979
600980
600981
600982
600985
600992
600995
601007
601008
601015
601069
601100
601116
601127
601177
601188
601226
601368
601518
601579
601798
601996
603002
603003
603005
603006
603008
603009
603010
603011
603015
603017
603018
603020
603021
603022
603023
603025
603027
603028
603029
603030
603066
603085
603088
603100
603101
603108
603116
603117
603118
603123
603126
603131
603158
603166
603167
603168
603198
603199
603222
603223
603268
603299
603300
603306
603309
603311
603315
603328
603338
603339
603355
603368
603377
603456
603508
603518
603520
603555
603558
603566
603567
603568
603598
603599
603600
603601
603608
603618
603669
603686
603688
603696
603698
603699
603701
603726
603778
603779
603788
603789
603798
603806
603818
603822
603828
603861
603866
603868
603869
603883
603889
603898
603899
603901
603936
603959
603968
603969
603979
603988
603989
603996
603997
603998
603999
000011
000017
000020
000026
000032
000038
000056
000151
000153
000411
000419
000420
000421
000429
000430
000507
000510
000521
000523
000529
000530
000544
000545
000548
000554
000560
000564
000567
000570
000573
000591
000593
000599
000605
000609
000613
000615
000628
000632
000635
000637
000677
000679
000680
000681
000692
000695
000698
000705
000707
000713
000715
000716
000752
000753
000756
000759
000782
000785
000789
000790
000796
000811
000812
000822
000880
000890
000892
000899
000906
000949
000952
000958
000985
000993
000996
002009
002014
002017
002026
002040
002043
002060
002066
002076
002080
002082
002084
002086
002087
002088
002098
002100
002105
002110
002112
002113
002119
002124
002125
002132
002133
002137
002139
002143
002144
002148
002150
002160
002165
002166
002169
002182
002184
002187
002188
002193
002196
002198
002200
002201
002209
002213
002214
002216
002220
002225
002235
002243
002255
002258
002264
002265
002270
002282
002286
002290
002300
002307
002321
002322
002323
002324
002327
002328
002334
002342
002346
002348
002350
002351
002357
002360
002361
002362
002365
002369
002374
002380
002381
002388
002391
002392
002394
002395
002397
002398
002403
002404
002406
002409
002435
002438
002441
002449
002451
002453
002454
002455
002459
002472
002476
002478
002483
002487
002490
002494
002495
002499
002504
002507
002514
002516
002521
002523
002532
002535
002536
002541
002542
002545
002553
002554
002559
002560
002561
002562
002566
002578
002580
002581
002582
002584
002592
002593
002598
002599
002604
002605
002606
002607
002613
002614
002615
002616
002619
002620
002627
002628
002634
002636
002637
002645
002651
002652
002658
002661
002666
002667
002669
002670
002671
002674
002680
002687
002692
002696
002697
002700
002702
002703
002705
002706
002708
002711
002717
002718
002719
002722
002723
002724
002725
002726
002727
002728
002729
002730
002732
002733
002734
002737
002740
002741
002742
002743
002745
002746
002747
002748
002749
002750
002752
002753
002756
002757
002758
002759
002760
002761
002763
002765
002767
002768
002770
002771
002772
002773
002775
002776
002777
002778
002779
002780
002781
002782
002783
002785
002786
002787
002788
002789
002790
002792
002793
002795
002796
002799
002800
300006
300013
300018
300019
300021
300022
300023
300025
300028
300030
300041
300042
300050
300051
300056
300057
300062
300063
300067
300069
300071
300081
300086
300087
300089
300092
300095
300102
300103
300107
300108
300109
300112
300117
300119
300120
300121
300126
300129
300130
300132
300135
300137
300138
300139
300141
300143
300150
300151
300154
300158
300162
300165
300172
300174
300175
300179
300181
300192
300193
300194
300195
300196
300200
300206
300210
300211
300213
300214
300217
300218
300220
300230
300231
300234
300235
300237
300240
300241
300243
300245
300246
300247
300248
300249
300250
300254
300255
300259
300260
300262
300270
300272
300276
300278
300279
300280
300281
300283
300286
300289
300290
300293
300295
300301
300303
300305
300306
300311
300314
300317
300318
300319
300320
300321
300329
300331
300335
300343
300348
300350
300357
300358
300360
300363
300365
300373
300375
300376
300380
300381
300382
300384
300387
300388
300389
300390
300392
300393
300394
300395
300396
300398
300399
300400
300401
300403
300404
300405
300406
300409
300410
300412
300414
300415
300417
300419
300420
300421
300422
300424
300425
300426
300428
300429
300430
300435
300436
300437
300439
300440
300442
300443
300444
300445
300446
300447
300452
300453
300455
300457
300459
300460
300462
300464
300468
300470
300471
300473
300475
300476
300478
300479
300480
300481
300483
300484
300485
300487
300489
300490
300491
300493
300494
300495
300497
300500
300501
300505
300506
300509
300510
300511
300512
300515
