002211
002759
601127
300494
300409
300428
300515
002796
603131
300501
002592
002800
002605
002799
600463
300509
002719
002783
002645
000530
000796
300475
603861
603968
300452
002523
002365
300319
300510
002785
002795
002454
000560
300280
000820
300092
601100
300354
300513
300237
300497
002789
300246
002213
300493
300473
002703
002651
300511
000716
002043
603696
000899
002164
002750
603020
000958
002604
002150
002553
300172
002791
300112
002746
300487
600538
603822
300410
002159
000892
002683
603688
603818
600419
300177
300069
601177
300249
000959
002112
002792
300500
603608
002068
300464
603355
002772
002705
600975
300430
603508
002270
000526
603338
300505
002793
000613
603798
600345
002346
603158
002788
002188
300471
601069
603029
002034
603726
000026
300102
601020
600891
000952
002504
002328
002790
002787
603520
600506
002661
002132
002778
002136
600054
600853
603698
600678
600579
300278
002015
002728
600311
002487
002599
002674
603028
603988
000812
002763
000570
000695
002781
600697
002613
000752
300470
002442
300506
603567
000017
300403
300158
002562
603101
002798
300486
002757
603309
300141
002619
300211
600766
603268
002748
000430
002058
002578
600769
600257
300489
300478
002337
300484
300421
000811
603339
000509
603936
603828
600592
000972
600992
002076
000038
002628
600178
002722
600281
600338
600159
300143
600163
002756
002406
603006
002607
002564
002679
600615
300492
000411
603027
600708
603959
603616
300404
601996
300499
000723
300449
002581
600389
300279
002652
600336
002702
600361
002768
603701
603779
000589
002205
300481
300460
300419
600513
603118
300424
600847
000809
000153
002732
002771
002377
300396
300210
000779
300392
600133
300376
603868
000416
600356
600681
600898
002391
002780
600128
002571
002381
000637
600232
300281
002742
002752
600493
600792
600368
600828
600097
300495
600749
600202
300400
000545
600101
002490
000737
002302
600333
002559
603333
002478
002765
002066
002321
000573
600189
300331
603399
000655
603999
000922
002324
002680
600083
603010
002697
002235
300381
300275
300155
600695
300417
002751
600566
603299
000663
600889
000657
600444
600784
000753
300397
000759
300123
603599
600231
002777
603729
300459
000756
002749
300422
000607
300250
600069
300196
600819
002753
002696
000564
600461
002459
300485
000585
002457
600753
000890
600279
600719
002633
002755
002542
300262
300097
002098
002639
002388
600293
600222
603108
601188
000529
600858
600512
300435
600283
600162
000837
300099
000993
603969
600322
603116
002700
300358
002392
600917
603898
600982
300119
600082
600979
000912
600619
002110
600250
002225
600714
002243
002731
000935
600888
000715
300214
300272
002357
600644
600302
600505
600706
603099
002100
603030
300387
002258
300318
600980
600156
600218
600051
000978
600393
600838
002687
002671
300378
000833
603998
002082
002541
600529
300512
603223
603686
603168
601008
600966
600778
600740
600689
600326
600248
600117
600093
300439
300398
300255
300193
300150
002758
002729
002656
002486
002435
002404
002394
002386
002342
002248
002160
002113
002017
000949
000906
000713
000692
000632
000523
000507
000151
300457
300447
300311
603997
002499
002620
000605
600272
600781
002658
002014
300420
300289
600969
000736
000056
002187
603011
300491
600830
000597
603806
603123
300321
600854
600810
300490
002627
002734
300309
300453
002606
300107
002760
300446
603699
603669
002166
600370
000677
600679
603088
002526
002200
601226
600558
300468
002584
300023
600981
601007
000996
600167
002561
600379
600593
600605
002667
002124
600249
600791
000599
603568
000698
002693
603800
300406
601798
300483
002021
002473
002086
600857
002420
300388
000785
002535
000859
002398
600313
600268
002637
002786
603167
002455
002144
601579
300200
600239
300181
603311
002380
300217
000628
000702
002417
600476
600844
300169
603003
600127
002198
000789
600616
002770
002524
600137
603866
002706
300394
300384
600617
002495
603017
300137
000929
000023
300241
000429
300456
600596
600883
000862
300350
603555
603169
300135
600833
300129
000557
300442
002616
002264
002327
603566
000822
600865
600423
600448
600573
002483
000680
603718
300313
600665
002040
002133
000609
603018
603022
000678
300426
300476
300089
603025
600774
000668
600449
603979
600397
600462
600821
300235
300076
000502
000731
600965
002761
002737
300234
000721
600483
600213
002773
000705
000510
002333
603126
600148
002060
300443
300343
603199
300167
002629
300382
000420
300164
300231
600258
600396
002295
002363
000548
002545
000032
000591
002009
600995
002453
300126
300389
300161
600229
002300
002554
002088
300240
300335
002738
603315
300329
002143
603869
603883
600802
603328
600243
600090
002733
603789
603778
603368
002087
002670
002214
000711
300021
002741
300095
600671
002725
300179
300057
300130
600080
300314
300220
300105
002724
002114
600758
002730
600353
603636
000790
600647
601368
002536
300132
002516
002580
002322
603085
600262
300259
002231
002220
300006
002441
002201
300357
002348
603117
603899
603306
600235
002614
603456
600985
600744
600560
300094
000421
002084
002476
600800
000544
603598
300162
600747
603227
002775
000010
300412
002193
600387
002615
002507
601968
600962
002119
600131
000586
300276
000011
300247
002776
603996
000782
600746
300022
603008
300305
002105
002334
300121
000014
000635
002184
603300
000707
002711
002054
002494
002666
000615
600561
000813
600275
600727
002660
300373
600355
002397
600693
002717
000672
600354
000428
002566
600119
603901
300414
300277
000554
002307
300270
603618
600892
002529
600861
600287
300151
600099
600976
002743
600327
002374
600696
000880
002740
603021
002115
000521
300218
600984
600211
600814
002634
603222
002727
300050
002265
601518
600543
600078
300175
300067
002259
300084
002745
300368
600075
300165
300018
600378
002593
002708
600470
300189
300293
002351
002514
000567
000419
300230
300086
002026
300416
300106
002360
300295
603989
300081
002409
002165
002747
002282
300192
002286
300138
000020
300042
300103
300174
002723
000595
002449
603100
000681
603518
300401
002782
002240
300041
300213
002552
300139
600692
603558
600328
002323
002779
002361
300194
300380
002080
300030
603600
300395
002560
600882
300366
603198
603066
002182
002451
300330
603023
300344
300154
603166
600610
002726
300320
300013
300108
000593
300243
002315
600731
002255
300415
300479
002598
300480
002403
300399
300248
300360
002532
002472
300260
002139
300306
300283
600215
002290
603601
300437
300268
600371
300120
300436
002125
300455
300390
300425
000985
300254
300195
300462
300117
300029
300445
002767
002411
600095
601015
600599
300245
300405
300087
300301
002636
300206
600367
300393
002715
002279
002369
300375
600421
000798
603005
300051
603318
002362
300025
600722
002395
002196
300109
002148
603002
300429
300469
300056
300440
600203
002669
002582
600698
600152
002438
300290
300028
601116
300407
300264
300071
300317
300303
002147
603889
300371
000760
603788
300363
002350
300062
300286
600242
002521
600359
002692
603737
603009
600192
002137
300365
300047
600241
002169
000679
300444
300312
603015
300348
300448
300477
603377
002718
002209
300074
300370
300019
300063
